 PDE 2010 04 11 22 08 12.80   36.9700   -3.5400 609.8 6.3 6.3 STRAIT OF GIBRALTAR
event name:    201004112208A
time shift:           2.2300
half duration:        3.6000
latitude:            37.0920
longitude:           -3.6847
depth:              617.4600
Mrr:           -2.067273e+25
Mtt:            4.797000e+24
Mpp:            1.587573e+25
Mrt:            7.057908e+23
Mrp:            3.227328e+25
Mtp:            1.677078e+25
