 PDE 2009 07 01 09 30 10.40   34.1600   25.4700  19.0 6.4 6.4 CRETE, GREECE
event name:    200907010930A
time shift:           8.6900
half duration:        4.1000
latitude:            34.0120
longitude:           25.5020
depth:                7.1518
Mrr:            4.030470e+25
Mtt:           -3.853086e+25
Mpp:           -1.773726e+24
Mrt:            2.430252e+25
Mrp:            1.966614e+24
Mtp:            1.115752e+25
