 PDE 2008 09 18 01 41 02.80   -4.5500 -106.0000  10.0 6.0 6.0 CENTRAL EAST PACIFIC RISE
event name:    200809180141A
time shift:           3.6500
half duration:        2.5000
latitude:            -4.5335
longitude:         -105.9900
depth:                6.9229
Mrr:           -1.397066e+23
Mtt:            4.277592e+24
Mpp:           -4.137837e+24
Mrt:            5.703214e+23
Mrp:            4.516083e+24
Mtp:            1.217502e+25
