 PDE 2008 08 09 16 36 38.20  -60.6900  153.8300  10.0 6.3 6.3 WEST OF MACQUARIE ISLAND
event name:    200808091636A
time shift:           7.5600
half duration:        3.5000
latitude:           -60.8220
longitude:          153.6100
depth:                4.6406
Mrr:           -8.848764e+23
Mtt:            3.216312e+25
Mpp:           -3.127900e+25
Mrt:            4.655332e+24
Mrp:            5.260948e+24
Mtp:           -2.768672e+25
