 PDE 2008 09 10 11 00 34.10   26.7400   55.8300  12.0 6.0 6.1 SOUTHERN IRAN
event name:    200809101100A
time shift:           3.5600
half duration:        2.7000
latitude:            26.6390
longitude:           55.7090
depth:                9.4043
Mrr:            1.378522e+25
Mtt:           -1.024459e+25
Mpp:           -3.540486e+24
Mrt:            8.506652e+24
Mrp:            2.158116e+24
Mtp:           -6.420104e+24
