 PDE 2008 08 10 08 20 31.70   11.0400   91.8100  10.0 6.2 6.2 ANDAMAN ISLANDS, INDIA REGION
event name:    200808100820A
time shift:           5.8400
half duration:        2.9000
latitude:            10.9650
longitude:           91.8300
depth:               15.7830
Mrr:           -6.149682e+24
Mtt:           -1.920065e+25
Mpp:            2.535057e+25
Mrt:           -2.768654e+24
Mrp:            2.750090e+24
Mtp:            2.932993e+24
