 PDE 2008 05 09 21 51 29.70   12.5200  143.1800  76.0 6.7 6.7 SOUTH OF MARIANA ISLANDS
event name:    200805092151A
time shift:           6.1500
half duration:        5.8000
latitude:            12.3620
longitude:          143.2800
depth:               81.5670
Mrr:           -8.171500e+25
Mtt:           -8.946524e+25
Mpp:            1.711826e+26
Mrt:            8.614354e+25
Mrp:            8.126778e+24
Mtp:            6.657914e+24
