 PDE 2009 12 19 13 02 17.10   23.8000  121.6100  57.2 6.4 6.4 TAIWAN
event name:    200912191302A
time shift:           2.1200
half duration:        4.0000
latitude:            23.7040
longitude:          121.6300
depth:               44.2930
Mrr:            2.643608e+25
Mtt:           -7.190788e+24
Mpp:           -1.924505e+25
Mrt:            1.937936e+24
Mrp:            4.773087e+25
Mtp:           -2.430527e+25
