 PDE 2010 11 10 04 05 24.40  -45.4600   96.3900  10.0 6.5 6.5 SOUTHEAST INDIAN RIDGE
event name:    201011100405A
time shift:           4.9100
half duration:        4.1000
latitude:           -45.4640
longitude:           96.0760
depth:                3.9724
Mrr:           -3.580578e+24
Mtt:           -6.036682e+25
Mpp:            6.394752e+25
Mrt:           -1.653954e+25
Mrp:            2.059848e+24
Mtp:           -2.280546e+25
