 PDE 2009 07 07 19 11 46.70   75.3500  -72.4500  19.0 6.0 6.1 BAFFIN BAY
event name:    200907071911A
time shift:           3.4000
half duration:        2.5000
latitude:            75.3190
longitude:          -72.5090
depth:               15.6730
Mrr:            1.239625e+25
Mtt:            1.216805e+24
Mpp:           -1.361337e+25
Mrt:            4.027380e+24
Mrp:           -1.048267e+24
Mtp:            7.800372e+23
