 PDE 2009 06 23 14 19 22.40   -5.1600  153.7800  64.0 6.7 6.7 NEW IRELAND REGION, P.N.G.
event name:    200906231419A
time shift:           6.2100
half duration:        5.6000
latitude:            -5.2105
longitude:          153.7400
depth:               67.8090
Mrr:            1.477652e+26
Mtt:           -5.423946e+25
Mpp:           -9.352574e+25
Mrt:           -3.033349e+25
Mrp:            5.275479e+25
Mtp:            7.159570e+25
