 PDE 2009 10 12 03 15 47.30  -17.1000   66.6900  10.0 6.2 6.2 MAURITIUS - REUNION REGION
event name:    200910120315A
time shift:           3.1700
half duration:        3.0000
latitude:           -17.0840
longitude:           66.6010
depth:                9.1330
Mrr:           -5.131994e+24
Mtt:           -2.297057e+25
Mpp:            2.810185e+25
Mrt:           -1.822485e+24
Mrp:           -3.856790e+23
Mtp:            1.102963e+25
