 PDE 2010 03 05 11 47 06.80  -36.6700  -73.3700  18.0 6.7 6.7 NEAR COAST OF CENTRAL CHILE
event name:    201003051147A
time shift:           6.9600
half duration:        4.9000
latitude:           -36.8900
longitude:          -73.7240
depth:               15.6510
Mrr:            6.226913e+25
Mtt:           -1.663620e+22
Mpp:           -6.225247e+25
Mrt:            1.247953e+24
Mrp:           -1.142269e+26
Mtp:           -5.653571e+24
