 PDE 2009 05 03 16 21 47.00   14.5700  -91.1700 123.8 6.2 6.2 GUATEMALA
event name:    200905031621A
time shift:           2.6300
half duration:        3.3000
latitude:            14.5230
longitude:          -91.6430
depth:              117.5600
Mrr:           -8.800404e+24
Mtt:            1.063027e+25
Mpp:           -1.829868e+24
Mrt:            1.773820e+25
Mrp:           -2.150408e+25
Mtp:           -5.157780e+24
