 PDE 2009 11 17 15 30 45.40   52.1300 -131.4000   3.3 6.5 6.6 QUEEN CHARLOTTE ISLANDS REGION
event name:    200911171530A
time shift:           8.9800
half duration:        4.7000
latitude:            51.9550
longitude:         -131.6900
depth:               11.0690
Mrr:           -4.291888e+24
Mtt:           -1.876616e+25
Mpp:            2.305904e+25
Mrt:            9.830844e+24
Mrp:           -2.294124e+25
Mtp:            7.592396e+25
