 PDE 2009 11 24 12 47 15.70  -20.7100 -174.0400  18.0 6.8 6.8 TONGA ISLANDS
event name:    200911241247A
time shift:           5.5400
half duration:        5.8000
latitude:           -20.8610
longitude:         -173.5500
depth:               21.2780
Mrr:           -1.019437e+25
Mtt:            5.358969e+25
Mpp:           -4.339544e+25
Mrt:            2.494657e+25
Mrp:            1.465431e+26
Mtp:            1.277155e+26
