 PDE 2011 08 23 17 51 03.00   37.9800  -77.9700   1.0 5.7 5.9 VIRGINIA
event name:    201108231751A
time shift:           3.6400
half duration:        1.9000
latitude:            37.8310
longitude:          -77.9590
depth:                8.6706
Mrr:            4.153554e+24
Mtt:            3.523861e+23
Mpp:           -4.505951e+24
Mrt:            1.455913e+24
Mrp:           -3.676352e+23
Mtp:           -9.754846e+23
