 PDE 2009 10 27 00 04 46.20  -59.9600  -65.1600  10.0 6.0 6.0 DRAKE PASSAGE
event name:    200910270004A
time shift:           3.6200
half duration:        2.4000
latitude:           -60.0540
longitude:          -65.5400
depth:                5.3945
Mrr:            9.705600e+22
Mtt:            5.425800e+24
Mpp:           -5.522880e+24
Mrt:           -2.103000e+24
Mrp:            5.871600e+22
Mtp:            1.366440e+25
