 PDE 2002 10 23 11 27 19.40   63.5100 -147.9100   4.2 6.7 6.7 CENTRAL ALASKA
event name:          102302E
time shift:           5.2000
half duration:        5.7000
latitude:            63.5810
longitude:         -148.1300
depth:               15.1180
Mrr:            1.340960e+23
Mtt:            3.038620e+25
Mpp:           -3.051960e+25
Mrt:           -2.566036e+24
Mrp:            3.770812e+24
Mtp:           -1.226120e+26
