 PDE 2009 11 14 19 44 29.90  -22.9700  -66.6400 220.4 6.2 6.2 JUJUY PROVINCE, ARGENTINA
event name:    200911141944A
time shift:           2.2100
half duration:        2.9000
latitude:           -23.0340
longitude:          -66.8170
depth:              214.3500
Mrr:           -7.352772e+24
Mtt:           -4.897445e+24
Mpp:            1.224986e+25
Mrt:            2.640253e+24
Mrp:           -1.983968e+25
Mtp:           -8.019291e+23
