 PDE 2009 12 10 02 30 52.70   53.4200  152.7600 656.2 6.3 6.3 SEA OF OKHOTSK
event name:    200912100230A
time shift:           2.0000
half duration:        3.4000
latitude:            53.4340
longitude:          152.7600
depth:              653.6300
Mrr:           -1.930936e+25
Mtt:           -1.196540e+25
Mpp:            3.127476e+25
Mrt:           -1.239924e+25
Mrp:           -1.488280e+25
Mtp:           -5.238792e+24
