 PDE 2009 12 24 00 23 33.40   42.2300  134.7000 410.9 6.3 6.3 PRIMOR'YE, RUSSIA
event name:    200912240023A
time shift:           3.7200
half duration:        3.5000
latitude:            42.1320
longitude:          134.9200
depth:              386.1900
Mrr:            6.699550e+24
Mtt:           -1.052128e+24
Mpp:           -5.647510e+24
Mrt:            9.268600e+22
Mrp:           -3.609870e+25
Mtp:           -1.501940e+25
