 PDE 2008 02 21 14 16 02.70   41.1500 -114.8700   6.7 6.0 6.0 NEVADA
event name:    200802211416A
time shift:           5.5300
half duration:        2.5000
latitude:            41.1600
longitude:         -114.8500
depth:               10.9540
Mrr:           -1.304415e+25
Mtt:            3.102429e+24
Mpp:            9.941106e+24
Mrt:            6.720966e+23
Mrp:            3.117558e+24
Mtp:            5.629218e+24
