 PDE 2006 10 15 17 07 49.20   19.8800 -155.9300  38.9 6.7 6.7 HAWAII
event name:    200610151707A
time shift:           5.6600
half duration:        5.5000
latitude:            19.8270
longitude:         -155.9500
depth:               43.0450
Mrr:           -9.009297e+25
Mtt:            9.524999e+25
Mpp:           -5.157141e+24
Mrt:            4.747435e+24
Mrp:           -9.001795e+25
Mtp:           -8.524087e+25
