 PDE 2007 08 02 13 37 29.20   12.5100   47.4600  10.0 5.7 5.7 EASTERN GULF OF ADEN
event name:    200708021337A
time shift:           2.5100
half duration:        1.7000
latitude:            12.6130
longitude:           47.5220
depth:               12.4570
Mrr:           -2.377089e+24
Mtt:            5.869149e+24
Mpp:           -3.492060e+24
Mrt:           -1.934933e+24
Mrp:            6.675383e+23
Mtp:            1.638780e+23
