 PDE 2005 02 16 20 27 52.50  -36.3200  -16.5600  10.0 6.6 6.1 SOUTHERN MID-ATLANTIC RIDGE
event name:    200502162027A
time shift:          14.4500
half duration:        5.0000
latitude:           -35.3900
longitude:          -15.9890
depth:                8.1562
Mrr:            1.623576e+24
Mtt:           -4.725670e+25
Mpp:            4.563288e+25
Mrt:            1.372134e+25
Mrp:            8.814134e+24
Mtp:            9.351666e+25
