 PDE 2005 03 06 05 21 43.40   84.9500   99.3900  10.0 6.3 6.1 NORTH OF SEVERNAYA ZEMLYA
event name:    200503060521A
time shift:           2.9300
half duration:        3.3000
latitude:            84.9370
longitude:           98.6870
depth:                5.1299
Mrr:           -3.278017e+25
Mtt:            2.159430e+25
Mpp:            1.118587e+25
Mrt:           -1.460638e+24
Mrp:           -7.558118e+24
Mtp:           -1.707091e+25
