 PDE 2010 05 25 10 09 05.80   35.3200  -35.9200  10.0 6.3 6.3 NORTHERN MID-ATLANTIC RIDGE
event name:    201005251009A
time shift:           7.4200
half duration:        3.4000
latitude:            35.3070
longitude:          -35.8030
depth:               10.6940
Mrr:           -4.366560e+24
Mtt:            1.590480e+25
Mpp:           -1.153872e+25
Mrt:            2.520240e+24
Mrp:            1.016112e+24
Mtp:            3.414360e+25
