 PDE 2009 10 29 17 44 31.20   36.3900   70.7200 202.2 6.2 6.2 HINDU KUSH REGION, AFGHANISTAN
event name:    200910291744A
time shift:           3.4300
half duration:        3.2000
latitude:            36.3830
longitude:           70.6570
depth:              215.3900
Mrr:            2.400960e+25
Mtt:           -1.882582e+25
Mpp:           -5.184634e+24
Mrt:            1.780590e+25
Mrp:           -1.185010e+25
Mtp:            6.870430e+24
