 PDE 2009 11 08 19 41 43.40   -8.2100  118.6300  18.0 6.6 6.6 SUMBAWA REGION, INDONESIA
event name:    200911081941A
time shift:           7.0200
half duration:        5.0000
latitude:            -8.2228
longitude:          118.7200
depth:               19.8030
Mrr:            7.897896e+25
Mtt:           -7.773927e+25
Mpp:           -1.239393e+24
Mrt:           -6.044682e+25
Mrp:           -2.714418e+25
Mtp:           -1.542582e+25
