 PDE 2010 09 03 16 35 47.80  -43.5300  171.8100  12.0 7.0 7.3 SOUTH ISLAND, NEW ZEALAND
event name:    201009031635A
time shift:           9.4400
half duration:        7.5000
latitude:           -43.5550
longitude:          172.1200
depth:                7.2206
Mrr:            5.900250e+25
Mtt:           -4.220000e+23
Mpp:           -5.858000e+25
Mrt:            6.986500e+25
Mrp:            3.067875e+24
Mtp:           -3.700250e+26
