 PDE 2009 12 19 23 19 15.60  -10.1100   33.8200   6.0 6.0 6.0 MALAWI
event name:    200912192319A
time shift:           2.9300
half duration:        2.3000
latitude:           -10.0230
longitude:           33.9450
depth:                5.2522
Mrr:           -1.060411e+25
Mtt:            1.814010e+24
Mpp:            8.790100e+24
Mrt:            1.384790e+24
Mrp:           -2.558710e+24
Mtp:           -3.997950e+24
