 PDE 2009 05 10 01 16 07.00    1.3900  -85.1700   6.0 6.1 6.1 OFF COAST OF ECUADOR
event name:    200905100116A
time shift:           3.7600
half duration:        2.8000
latitude:             1.2237
longitude:          -85.3340
depth:                7.0697
Mrr:           -8.927919e+23
Mtt:            4.623606e+24
Mpp:           -3.730896e+24
Mrt:           -3.144843e+24
Mrp:            2.733120e+24
Mtp:            1.815957e+25
