 PDE 2009 10 13 20 21 53.20   52.6000 -167.1200  14.0 6.5 6.4 FOX ISLANDS, ALEUTIAN ISLANDS
event name:    200910132021A
time shift:           6.4200
half duration:        3.8000
latitude:            52.4480
longitude:         -167.2000
depth:               12.7940
Mrr:            3.602640e+25
Mtt:           -3.279840e+25
Mpp:           -3.228360e+24
Mrt:            5.301120e+25
Mrp:            2.995680e+25
Mtp:           -1.175676e+25
