 PDE 2008 11 10 01 22 02.60   37.5600   95.8300  19.0 6.2 6.4 QINGHAI, CHINA
event name:    200811100122A
time shift:           4.3300
half duration:        3.6000
latitude:            37.4890
longitude:           95.7560
depth:               23.9530
Mrr:            2.059068e+25
Mtt:           -2.313288e+25
Mpp:            2.542770e+24
Mrt:            1.663146e+25
Mrp:           -8.301708e+24
Mtp:           -1.281930e+24
