 PDE 2009 12 09 16 00 43.30   -0.6400  -21.0700  10.0 6.4 6.4 CENTRAL MID-ATLANTIC RIDGE
event name:    200912091600A
time shift:          12.3200
half duration:        3.9000
latitude:            -0.6205
longitude:          -20.8020
depth:               19.1580
Mrr:           -1.240575e+24
Mtt:            1.870918e+25
Mpp:           -1.746801e+25
Mrt:            2.400111e+24
Mrp:            9.433725e+24
Mtp:           -5.384988e+25
