 PDE 2008 06 22 23 56 30.00   67.7000  141.2800  18.0 6.1 6.1 EASTERN SIBERIA, RUSSIA
event name:    200806222356A
time shift:           8.6700
half duration:        2.8000
latitude:            67.7070
longitude:          141.4300
depth:               19.0350
Mrr:            8.985860e+24
Mtt:           -5.842093e+24
Mpp:           -3.143767e+24
Mrt:            5.074047e+24
Mrp:            5.439131e+24
Mtp:            1.055726e+25
