 PDE 2010 03 07 07 05 23.30  -16.2400 -115.3000  10.0 6.3 6.3 SOUTHERN EAST PACIFIC RISE
event name:    201003070705A
time shift:           7.4900
half duration:        3.2000
latitude:           -16.3340
longitude:         -115.4500
depth:                9.0775
Mrr:           -3.449890e+25
Mtt:            2.130050e+25
Mpp:            1.319840e+25
Mrt:           -6.662932e+23
Mrp:            8.333524e+24
Mtp:            5.686838e+24
