 PDE 2008 03 13 13 28 44.80  -45.4900   35.0100  10.0 6.0 6.0 PRINCE EDWARD ISLANDS REGION
event name:    200803131328A
time shift:           5.5300
half duration:        2.5000
latitude:           -45.3170
longitude:           35.0780
depth:               14.4370
Mrr:            5.139678e+22
Mtt:            7.827720e+24
Mpp:           -7.879134e+24
Mrt:           -8.273964e+23
Mrp:           -2.273040e+24
Mtp:            1.219201e+25
