 PDE 2009 04 16 14 57 06.20  -60.2000  -26.8600  20.0 6.7 6.8 SOUTH SANDWICH ISLANDS REGION
event name:    200904161457A
time shift:           8.6300
half duration:        5.3000
latitude:           -60.7000
longitude:          -26.5680
depth:               21.8500
Mrr:            1.298385e+26
Mtt:           -3.057429e+25
Mpp:           -9.926163e+25
Mrt:            2.000919e+25
Mrp:            1.008986e+26
Mtp:           -7.609839e+25
