 PDE 2008 06 05 02 16 46.90  -38.8400  -91.6200  10.0 6.0 6.0 WEST CHILE RISE
event name:    200806050216A
time shift:           3.0500
half duration:        2.4000
latitude:           -39.0140
longitude:          -91.8430
depth:                6.6527
Mrr:           -8.292392e+23
Mtt:            1.523466e+24
Mpp:           -6.942946e+23
Mrt:           -7.877682e+23
Mrp:           -5.180259e+24
Mtp:           -1.340293e+25
