 PDE 2009 12 03 06 12 32.50  -56.4800 -122.3200  10.0 6.0 6.0 SOUTHERN EAST PACIFIC RISE
event name:    200912030612A
time shift:           3.1900
half duration:        2.3000
latitude:           -56.0930
longitude:         -122.7600
depth:                3.5611
Mrr:           -3.957720e+23
Mtt:            6.913384e+24
Mpp:           -6.517612e+24
Mrt:           -1.505798e+24
Mrp:           -6.037234e+24
Mtp:            9.922148e+24
