 PDE 2008 08 27 01 35 32.20   51.6100  104.1600  16.0 6.2 6.2 LAKE BAYKAL REGION, RUSSIA
event name:    200808270135A
time shift:           5.4100
half duration:        3.4000
latitude:            51.7530
longitude:          104.0300
depth:               20.8830
Mrr:           -1.469266e+25
Mtt:            2.140246e+25
Mpp:           -6.709694e+24
Mrt:           -7.907176e+24
Mrp:            1.057286e+25
Mtp:            1.049209e+25
