 PDE 2009 12 09 09 46 03.30  -22.1500  170.9600  45.0 6.4 6.4 SOUTHEAST OF LOYALTY ISLANDS
event name:    200912090946A
time shift:           6.0200
half duration:        4.0000
latitude:           -22.3700
longitude:          170.8300
depth:               54.9440
Mrr:            1.268982e+25
Mtt:            1.109417e+25
Mpp:           -2.378376e+25
Mrt:            2.746458e+25
Mrp:            1.137544e+25
Mtp:            4.251312e+25
