 PDE 2008 09 10 13 08 14.90    8.0900  -38.7200  10.0 6.6 6.6 CENTRAL MID-ATLANTIC RIDGE
event name:    200809101308A
time shift:           5.5800
half duration:        4.9000
latitude:             8.1869
longitude:          -38.5320
depth:                9.8937
Mrr:           -8.557895e+23
Mtt:           -1.027697e+25
Mpp:            1.113269e+25
Mrt:            3.068701e+24
Mrp:            4.230370e+25
Mtp:           -1.126033e+26
