 PDE 2009 08 20 06 35 04.40   72.2000    0.9400   6.0 6.0 6.0 NORWEGIAN SEA
event name:    200908200635A
time shift:           3.6700
half duration:        2.4000
latitude:            72.2140
longitude:            0.8109
depth:                5.6555
Mrr:           -1.338951e+25
Mtt:            6.897412e+24
Mpp:            6.492229e+24
Mrt:           -2.835757e+23
Mrp:           -7.101117e+24
Mtp:            8.264921e+24
