 PDE 2009 10 01 01 52 27.30   -2.5200  101.5000   9.7 6.6 6.7 SOUTHERN SUMATRA, INDONESIA
event name:    200910010152A
time shift:           7.0300
half duration:        4.8000
latitude:            -2.4547
longitude:          101.5800
depth:               13.3040
Mrr:           -4.794153e+24
Mtt:           -8.728174e+25
Mpp:            9.207625e+25
Mrt:            2.836008e+25
Mrp:            1.350650e+25
Mtp:            2.244102e+25
