 PDE 2009 09 24 07 16 19.80   18.8200 -107.3500  10.0 6.4 6.3 OFF COAST OF JALISCO, MEXICO
event name:    200909240716A
time shift:           3.7500
half duration:        3.7000
latitude:            18.8990
longitude:         -107.5000
depth:                9.0285
Mrr:            4.780126e+24
Mtt:           -3.119026e+25
Mpp:            2.641036e+25
Mrt:           -1.529907e+24
Mrp:            3.229766e+24
Mtp:           -3.527860e+25
