 PDE 2009 06 16 20 05 57.00  -54.3700    5.8700  10.0 6.2 6.1 BOUVET ISLAND REGION
event name:    200906162005A
time shift:           3.8000
half duration:        2.9000
latitude:           -54.3640
longitude:            6.3129
depth:                7.8989
Mrr:            1.505940e+22
Mtt:            2.387502e+25
Mpp:           -2.389098e+25
Mrt:           -7.288476e+23
Mrp:            2.433102e+23
Mtp:            6.029346e+24
