 PDE 2010 01 12 21 53 10.20   18.4500  -72.5500  13.0 7.1 7.0 HAITI REGION
event name:    201001122153A
time shift:           7.6000
half duration:        8.1000
latitude:            18.5950
longitude:          -72.6210
depth:               11.7990
Mrr:            2.222125e+26
Mtt:           -5.334500e+26
Mpp:            3.112500e+26
Mrt:           -1.108713e+26
Mrp:           -1.430125e+26
Mtp:            3.724000e+26
